100 :

8 99 13 84 88 19 78 60 20 56 31 97 37 43 57 26 46 23 18 61 69 77 54 89 58 75 96 93 16 7 80 67 51 4 2 55 1 87 50 12 64 27 91 92 40 90 76 66 81 28 33 32 14 47 59 71 29 94 86 22 17 52 38 39 85 95 45 30 82 73 36 62 65 74 24 25 53 3 21 11 41 34 15 98 70 42 100 49 9 48 35 68 83 63 10 44 72 79 6 5 

54 82 17 2 70 27 35 42 79 56 65 73 97 91 14 93 90 8 78 29 36 66 10 51 11 5 89 72 74 33 47 46 94 1 39 92 98 64 80 45 83 19 81 76 50 53 28 59 69 41 7 58 37 62 34 71 26 18 99 6 25 77 13 100 40 68 38 4 87 23 88 95 85 43 22 44 12 31 32 75 61 84 16 9 20 49 48 30 67 96 57 21 86 55 52 15 60 24 63 3 

2 21 66 69 95 64 45 3 23 65 24 92 96 53 16 55 57 72 42 34 36 84 77 11 47 14 63 97 48 33 79 49 32 100 88 17 80 30 62 83 13 35 46 67 22 4 19 89 6 25 28 51 94 26 12 43 9 27 56 39 54 50 73 87 18 76 7 61 91 70 44 98 20 52 8 37 5 68 31 40 78 38 10 74 75 93 81 86 82 99 71 1 60 85 59 41 90 58 29 15 

59 95 12 67 19 37 54 79 14 97 4 92 71 68 40 98 52 45 74 53 73 18 20 10 29 83 60 82 1 47 28 62 100 63 56 30 11 9 3 16 99 69 96 8 39 27 48 55 80 42 6 44 65 87 81 2 76 49 57 33 50 58 13 91 72 77 64 17 32 36 22 5 23 21 26 41 24 75 34 85 15 89 84 93 88 51 94 38 35 90 70 43 86 61 25 7 46 78 31 66 

77 71 70 10 100 19 61 98 96 24 66 41 46 43 36 73 34 5 57 89 65 63 51 81 26 67 1 95 28 18 78 48 13 58 90 20 40 30 27 25 47 21 45 49 15 93 91 83 68 33 9 82 29 32 7 94 87 88 85 86 76 17 92 55 31 37 84 42 44 60 14 59 39 16 54 35 4 74 23 75 79 80 72 69 38 99 8 53 50 56 52 2 6 11 12 3 64 97 62 22 

500 :

411 43 240 356 219 245 414 26 45 321 222 3 150 13 95 303 100 409 358 353 348 305 212 214 298 462 77 325 479 101 148 371 405 433 23 275 18 293 113 461 75 476 390 477 367 111 9 31 448 62 58 198 296 466 232 187 24 290 465 499 166 40 255 424 375 442 454 14 473 90 123 162 121 339 347 299 246 236 460 15 380 195 112 455 482 170 64 128 51 441 406 319 320 218 200 124 152 183 260 314 395 431 186 239 354 118 427 312 52 279 153 39 360 12 472 374 201 351 156 193 97 145 392 423 47 449 436 413 185 474 350 415 257 202 362 233 220 215 457 158 316 126 419 467 91 50 308 237 169 182 137 439 497 259 470 376 203 2 327 379 190 54 304 38 458 139 428 388 5 194 272 254 159 483 46 117 277 72 161 144 69 208 180 221 422 282 338 206 179 228 345 394 4 223 19 136 381 373 224 366 76 160 432 81 107 331 418 283 225 79 41 80 478 301 256 492 408 227 332 262 178 168 341 27 57 189 177 16 292 274 56 445 242 105 229 147 196 82 276 163 263 429 108 258 63 271 261 7 447 253 489 421 119 450 434 326 32 36 17 192 370 397 181 102 288 197 469 68 389 266 140 468 252 498 238 324 446 393 33 403 420 171 368 243 377 131 361 44 138 132 205 125 494 34 55 184 217 25 295 110 451 294 309 10 207 99 364 174 464 65 471 164 342 204 307 21 151 452 404 175 280 167 335 249 315 74 287 410 157 491 173 383 6 235 284 440 88 416 391 248 456 127 481 66 70 493 226 344 188 386 365 349 306 230 297 59 135 115 372 459 155 333 330 336 85 28 60 211 426 346 486 488 382 412 310 234 122 313 318 401 30 334 106 425 42 337 443 22 83 103 328 475 89 444 61 216 92 209 281 1 270 231 98 149 359 398 191 265 363 133 94 453 35 8 384 291 323 352 286 437 289 302 378 11 485 73 357 116 273 84 142 172 37 53 407 417 480 322 176 343 109 199 264 278 29 120 48 134 269 463 300 247 490 399 104 93 430 210 311 500 317 402 129 251 241 20 114 435 484 495 285 267 143 400 154 268 355 71 141 385 250 165 146 78 87 67 369 396 96 496 329 86 130 487 244 213 438 387 340 49 

238 445 105 269 16 228 147 205 355 486 349 131 218 463 295 309 253 407 357 382 36 327 478 319 279 153 93 318 431 412 28 291 266 434 13 207 492 351 271 224 48 393 372 292 248 285 84 204 179 159 9 164 121 395 284 249 451 63 85 484 89 300 167 359 118 25 260 479 180 145 113 79 45 489 297 20 481 135 77 152 419 241 344 361 410 191 296 40 280 416 401 430 435 176 277 3 95 311 64 264 90 494 289 137 389 151 194 198 278 432 80 30 57 321 185 332 399 414 74 117 82 203 350 405 119 49 217 12 10 99 429 376 75 255 142 106 499 65 21 139 14 288 155 175 468 358 92 104 163 202 384 272 71 470 170 227 452 250 208 442 101 457 400 286 469 149 78 313 373 206 219 385 343 87 411 126 1 102 375 256 480 138 44 270 130 362 336 491 420 303 181 363 133 257 306 240 333 388 446 265 156 418 169 136 307 487 186 47 125 413 233 425 54 437 221 324 268 103 301 298 200 174 348 371 466 111 497 483 245 392 132 360 275 73 83 52 244 107 347 474 304 67 473 258 239 123 340 455 386 32 464 26 195 215 493 436 177 243 267 34 305 394 251 326 41 281 403 302 70 422 323 56 235 409 86 91 383 211 162 490 22 294 273 465 339 197 94 31 365 188 6 428 485 396 498 172 72 192 366 165 475 115 439 144 216 42 17 320 500 109 43 150 402 18 8 212 495 381 322 353 210 377 59 225 171 299 146 116 98 433 158 178 242 53 328 369 213 290 315 37 426 69 35 316 460 231 223 61 220 96 387 450 462 60 456 342 308 444 441 66 467 330 27 471 58 38 443 76 129 378 2 168 331 459 24 15 33 370 5 214 160 354 453 477 335 449 157 317 182 263 261 282 334 391 310 114 246 23 154 122 482 166 314 128 461 234 356 230 222 447 62 254 338 88 283 488 397 346 183 51 161 390 406 108 417 380 184 190 341 19 209 438 423 173 127 29 293 448 379 229 415 274 97 140 287 50 11 187 252 143 337 427 364 39 7 476 141 81 196 100 496 4 421 189 112 408 110 68 454 440 193 55 345 120 247 148 276 325 199 424 201 232 398 46 259 458 134 262 329 236 367 237 226 352 374 404 368 312 124 472 

13 120 459 142 388 424 63 116 291 20 226 433 397 392 238 207 184 340 160 387 93 27 203 85 44 390 235 137 65 425 232 131 320 486 422 354 409 30 242 210 192 487 221 423 151 321 43 19 153 477 168 22 377 162 193 31 446 359 467 297 402 138 119 154 284 220 496 279 276 94 96 60 384 179 333 298 197 112 337 188 136 75 205 454 55 145 239 418 209 81 360 56 438 185 273 180 306 24 39 181 442 483 267 315 9 374 292 324 219 355 338 149 437 15 479 240 301 480 439 48 325 106 310 311 463 88 16 73 29 174 289 434 278 170 198 258 40 412 372 495 429 295 345 468 163 379 190 394 481 18 300 35 229 248 107 406 456 59 194 165 105 175 228 264 476 347 375 335 130 178 447 369 492 189 53 452 173 66 98 103 182 421 236 348 77 283 166 216 427 217 129 497 332 21 104 101 125 195 268 167 493 500 474 417 462 308 428 214 156 269 443 395 25 224 270 498 50 237 296 316 218 253 326 187 322 23 100 99 415 70 393 243 365 399 172 4 260 271 108 478 383 416 152 250 469 290 89 426 404 134 139 255 351 159 305 38 419 391 334 244 247 472 1 367 37 259 6 307 499 230 299 202 327 464 303 432 71 323 346 201 204 482 254 280 341 135 263 376 68 124 90 61 115 79 32 302 403 445 164 430 58 339 155 285 257 92 95 485 362 196 133 143 114 460 109 465 363 72 227 466 123 371 378 475 458 457 76 473 117 26 488 33 78 113 200 69 86 455 277 11 407 405 49 251 272 110 83 213 275 357 328 435 91 256 97 34 304 87 3 28 282 261 431 368 420 12 17 241 157 293 121 366 80 441 8 294 148 382 349 57 5 158 127 176 140 317 252 177 206 494 436 47 84 353 449 199 51 118 408 223 287 386 413 281 161 396 319 191 102 470 370 41 343 150 484 361 64 265 381 141 208 358 147 132 471 490 212 171 36 10 2 222 401 122 186 249 288 245 350 309 411 451 128 336 448 373 318 410 234 356 461 146 45 211 414 266 312 82 489 286 444 14 331 233 67 453 329 54 52 126 344 144 380 246 62 385 330 74 313 364 231 440 183 400 314 450 262 342 169 398 42 274 215 491 352 7 111 389 46 225 

492 486 165 459 3 402 470 410 466 180 71 66 418 387 451 342 149 315 386 408 354 205 347 240 120 21 248 409 176 345 362 452 13 162 48 305 74 330 231 49 6 496 359 337 372 246 19 68 424 109 497 7 199 190 292 274 448 406 436 272 158 352 341 358 9 413 468 420 137 44 476 11 283 269 37 156 449 157 441 467 313 14 168 96 440 226 144 296 36 25 247 401 306 282 239 94 72 65 58 91 263 169 128 69 161 83 40 131 4 194 425 368 385 473 373 398 357 77 370 423 26 141 309 322 258 222 41 124 185 115 76 210 324 275 281 255 81 356 494 316 445 285 364 127 434 450 249 64 390 257 405 338 224 90 343 167 273 70 480 279 84 209 24 351 487 415 499 382 483 314 177 211 12 143 463 154 39 397 403 79 320 213 326 427 123 311 135 488 485 139 181 438 380 54 207 59 288 208 17 29 318 355 110 170 300 200 414 417 233 203 289 376 155 474 100 500 431 86 87 491 389 307 271 421 484 422 242 183 310 173 111 280 119 469 460 264 192 366 308 126 85 178 30 152 228 57 393 134 117 38 443 328 303 232 229 365 63 277 206 153 471 482 437 331 323 95 384 163 214 329 411 160 462 45 381 97 433 455 47 130 42 98 217 244 456 369 145 148 446 31 458 396 171 388 106 218 235 212 276 113 88 201 495 439 46 51 61 428 332 336 442 481 142 23 189 252 265 367 56 159 104 147 191 270 444 254 419 5 383 375 363 225 22 395 188 62 287 407 1 204 146 377 447 150 339 412 53 312 133 457 317 215 102 477 197 132 172 251 15 82 89 184 416 103 234 465 260 426 333 299 361 391 294 166 198 182 99 297 267 429 379 34 193 73 80 223 256 498 298 174 10 360 121 216 250 461 321 164 348 241 243 179 195 353 107 290 219 253 50 78 67 227 52 319 335 475 230 18 125 325 301 101 394 237 349 136 35 454 28 350 220 93 286 432 151 105 262 196 122 92 140 27 33 295 371 472 478 138 284 464 55 221 116 245 20 400 493 327 118 112 60 293 404 175 291 43 378 392 479 453 2 435 32 236 186 268 490 304 334 8 75 399 266 187 489 261 346 202 16 302 430 340 259 129 238 278 114 374 108 344 

175 164 338 45 256 132 15 269 395 117 114 251 218 146 135 398 184 490 90 166 470 347 311 145 257 341 72 278 374 34 42 203 481 456 60 123 195 150 162 7 94 208 320 293 263 444 75 455 63 321 4 213 300 204 354 460 483 479 78 314 402 151 19 381 50 371 14 313 18 378 437 411 231 434 474 372 461 258 221 375 20 180 346 255 298 40 79 433 93 205 401 241 484 149 488 67 17 242 361 403 215 23 471 125 6 410 357 388 104 245 270 450 370 249 130 106 429 282 240 161 302 247 57 480 119 329 477 265 473 499 472 306 441 419 137 22 81 425 353 207 422 86 24 304 376 144 318 476 309 340 408 266 107 404 118 28 390 385 356 101 500 482 194 362 100 108 167 407 179 131 273 286 492 96 458 291 236 334 56 294 331 77 274 139 140 69 226 122 430 328 280 445 368 47 224 158 284 432 438 68 217 288 160 233 103 53 332 76 112 478 469 30 301 41 489 337 143 412 275 387 449 389 365 182 268 343 324 91 467 364 109 439 244 413 29 436 74 199 44 327 186 97 159 220 95 43 459 307 485 253 428 308 87 464 13 285 36 229 452 156 446 312 319 380 110 424 366 58 399 197 498 415 52 391 73 171 297 133 173 457 416 121 384 102 349 111 392 468 116 259 177 105 369 295 238 61 345 272 187 296 426 54 168 367 267 230 51 316 443 232 134 12 377 212 66 497 495 64 128 3 317 163 427 211 462 431 169 250 39 239 315 216 303 48 442 188 283 225 147 276 113 351 219 405 214 421 420 185 55 38 453 292 142 82 1 305 200 325 31 248 98 222 336 157 46 330 475 32 88 451 323 202 21 83 447 37 49 491 124 223 80 350 71 246 136 192 360 281 5 174 271 463 487 170 254 206 227 466 326 359 89 486 141 342 176 153 190 155 152 260 10 373 154 8 11 454 85 9 198 201 26 148 115 209 290 287 172 352 400 344 235 129 496 261 189 423 138 289 252 299 33 418 191 448 383 16 262 277 409 382 228 196 126 279 70 120 193 264 2 65 348 440 237 59 310 35 27 178 394 127 234 396 406 92 333 243 358 339 355 84 62 379 210 393 435 322 25 465 493 165 417 183 335 99 414 181 386 363 494 397 

